100
0 999999 30 49 49 57 44 26 66 73 88 999999 999999 12 40 13 999999 999999 20 999999 999999 4 53 999999 999999 53 54 78 999999 999999 999999 999999 98 62 999999 68 999999 92 32 85 999999 999999 999999 999999 42 999999 999999 33 91 999999 999999 999999 7 92 999999 999999 999999 999999 15 999999 4 999999 999999 999999 64 28 999999 999999 40 92 999999 46 99 999999 92 72 999999 38 999999 98 40 999999 999999 999999 44 999999 999999 80 17 23 95 999999 999999 999999 55 999999 4 49 999999 999999
999999 0 23 999999 999999 999999 999999 999999 55 84 5 91 999999 44 49 20 999999 39 39 999999 100 19 999999 87 92 999999 999999 20 999999 999999 999999 999999 999999 18 999999 999999 999999 66 999999 999999 999999 999999 72 30 75 20 999999 999999 999999 87 89 71 999999 999999 999999 85 999999 26 41 68 27 2 999999 63 45 999999 999999 41 999999 999999 999999 999999 999999 999999 28 999999 89 3 35 51 79 999999 98 999999 999999 1 24 999999 6 999999 67 999999 75 28 999999 88 999999 16 75 999999
30 23 0 7 999999 999999 82 56 999999 46 999999 999999 999999 999999 95 80 57 999999 999999 36 999999 999999 55 999999 999999 999999 5 999999 15 999999 58 999999 95 31 27 85 61 999999 45 56 999999 24 55 999999 999999 999999 32 37 999999 46 999999 54 92 999999 999999 999999 999999 999999 999999 999999 999999 999999 999999 999999 999999 999999 999999 999999 999999 999999 999999 18 61 999999 999999 999999 36 86 92 999999 99 999999 999999 999999 64 999999 999999 999999 999999 1 999999 999999 999999 63 999999 999999 4 21 61 999999
49 999999 7 0 90 999999 1 95 90 999999 87 67 999999 43 999999 22 999999 999999 999999 999999 97 999999 999999 999999 999999 100 999999 90 999999 999999 48 999999 73 87 999999 54 999999 999999 47 11 74 75 85 21 999999 44 999999 85 18 62 28 999999 999999 46 75 83 42 88 999999 99 28 999999 72 999999 999999 999999 49 999999 49 999999 999999 30 88 999999 67 9 999999 25 63 999999 999999 999999 999999 999999 999999 54 999999 999999 999999 999999 999999 36 999999 85 13 6 999999 999999 95 56
49 999999 999999 90 0 99 92 90 999999 999999 999999 999999 36 999999 37 999999 68 999999 999999 12 999999 999999 999999 999999 999999 999999 50 999999 999999 999999 89 66 42 90 999999 35 77 999999 999999 51 8 22 20 79 97 77 999999 999999 999999 41 999999 66 66 999999 14 999999 12 999999 98 999999 999999 999999 52 999999 999999 54 2 999999 96 999999 999999 72 52 999999 98 999999 999999 999999 999999 999999 12 78 25 999999 69 58 999999 999999 999999 31 999999 84 999999 88 999999 999999 999999 999999 999999 91
57 999999 999999 999999 99 0 999999 999999 24 40 37 61 22 999999 14 62 84 999999 999999 44 999999 44 37 51 20 999999 25 9 6 58 999999 47 999999 72 999999 999999 26 999999 27 999999 49 74 8 47 42 999999 999999 999999 28 999999 999999 999999 999999 999999 999999 999999 76 86 999999 70 999999 999999 65 70 999999 999999 41 999999 24 999999 999999 999999 999999 31 999999 999999 35 30 44 999999 999999 11 16 97 999999 999999 999999 95 24 96 999999 999999 999999 72 70 999999 999999 18 999999 999999
44 999999 82 1 92 999999 0 17 999999 5 999999 999999 68 999999 4 71 61 30 64 999999 999999 12 999999 999999 53 999999 46 44 59 999999 999999 15 63 4 999999 32 97 56 999999 68 55 85 999999 88 14 23 57 25 92 999999 999999 6 89 83 999999 999999 73 9 999999 82 74 999999 999999 999999 47 999999 48 56 999999 999999 87 56 69 99 999999 45 4 30 999999 46 24 74 999999 999999 36 999999 50 999999 3 999999 999999 61 15 999999 999999 999999 999999 56 15 88
26 999999 56 95 90 999999 17 0 999999 77 999999 999999 25 78 36 58 60 59 999999 70 999999 52 999999 999999 39 85 41 74 999999 999999 999999 19 999999 88 7 98 2 999999 79 44 999999 53 999999 92 2 999999 999999 62 999999 999999 38 42 3 70 999999 999999 39 14 44 24 27 71 999999 91 27 999999 999999 999999 999999 999999 14 999999 999999 68 60 999999 999999 7 27 62 999999 88 35 5 7 999999 999999 999999 999999 999999 999999 3 51 24 39 85 999999 50 54 999999
66 55 999999 90 999999 24 999999 999999 0 999999 999999 99 999999 999999 68 999999 55 9 88 51 999999 77 8 999999 999999 62 999999 999999 52 999999 62 8 999999 999999 999999 999999 86 93 19 43 59 98 49 999999 999999 999999 85 999999 64 78 999999 999999 57 16 999999 50 64 27 999999 999999 21 5 52 999999 25 73 999999 68 999999 50 43 91 999999 67 33 81 999999 49 93 34 999999 25 999999 999999 91 999999 999999 66 999999 999999 22 81 40 55 19 83 14 60 999999 999999
73 84 46 999999 999999 40 5 77 999999 0 999999 86 67 999999 999999 999999 999999 999999 999999 999999 16 999999 999999 56 999999 3 35 95 999999 999999 999999 38 999999 999999 78 15 999999 49 999999 999999 2 999999 999999 999999 59 999999 98 999999 14 31 19 999999 58 999999 10 65 999999 55 999999 999999 90 96 999999 999999 25 999999 999999 999999 3 10 999999 999999 63 999999 13 999999 46 999999 19 999999 48 999999 23 999999 42 99 999999 36 89 999999 41 999999 999999 999999 54 999999 54 999999 100 74
88 5 999999 87 999999 37 999999 999999 999999 999999 0 63 72 6 72 95 999999 11 26 100 38 999999 65 35 999999 28 999999 66 999999 999999 999999 67 25 999999 999999 99 999999 92 999999 999999 999999 31 91 40 1 999999 90 48 91 999999 999999 62 999999 999999 999999 3 63 3 999999 999999 999999 57 999999 999999 18 999999 999999 56 999999 999999 999999 44 27 61 48 32 999999 49 41 999999 78 92 82 89 999999 999999 96 96 999999 78 999999 68 68 999999 999999 53 999999 20 999999 64
999999 91 999999 67 999999 61 999999 999999 99 86 63 0 999999 999999 99 79 72 68 44 59 49 19 8 86 28 999999 59 999999 999999 17 30 999999 54 999999 11 999999 76 38 22 30 999999 25 5 999999 70 999999 999999 28 97 999999 999999 999999 999999 999999 999999 68 43 48 13 999999 999999 999999 7 9 92 999999 999999 77 999999 65 61 3 999999 999999 999999 999999 100 999999 999999 999999 999999 999999 999999 999999 39 74 15 999999 999999 97 999999 100 999999 999999 999999 999999 999999 32 29 999999
999999 999999 999999 999999 36 22 68 25 999999 67 72 999999 0 999999 999999 90 48 999999 999999 999999 999999 999999 27 58 63 87 999999 32 22 999999 6 999999 68 999999 20 999999 39 26 999999 96 56 44 999999 100 999999 999999 45 999999 37 999999 999999 999999 999999 32 45 76 999999 64 999999 70 20 9 999999 999999 58 4 61 999999 999999 70 95 999999 65 49 10 999999 999999 999999 8 999999 999999 999999 46 999999 91 92 60 999999 64 999999 89 999999 999999 95 999999 7 82 999999 999999 60
12 44 999999 43 999999 999999 999999 78 999999 999999 6 999999 999999 0 30 96 72 59 999999 999999 999999 82 999999 999999 999999 39 68 999999 999999 999999 22 56 70 45 999999 999999 13 999999 999999 46 32 999999 999999 52 999999 999999 36 97 12 68 999999 51 999999 33 999999 14 999999 20 54 999999 66 47 63 999999 999999 62 3 999999 86 15 999999 3 999999 8 56 999999 999999 36 999999 999999 999999 999999 999999 999999 30 65 999999 5 999999 999999 999999 30 27 999999 25 43 7 46 999999 999999
40 49 95 999999 37 14 4 36 68 999999 72 99 999999 30 0 90 59 69 999999 999999 70 24 7 999999 67 999999 999999 999999 38 69 78 48 85 31 999999 43 23 55 999999 1 40 999999 66 13 999999 999999 999999 8 87 999999 53 999999 22 1 999999 999999 86 9 999999 3 3 99 86 18 10 66 27 1 999999 49 999999 26 999999 29 999999 6 999999 999999 51 999999 47 28 33 999999 999999 999999 999999 70 89 44 999999 999999 999999 74 999999 83 999999 39 999999 76
13 20 80 22 999999 62 71 58 999999 999999 95 79 90 96 90 0 23 89 33 55 88 999999 9 999999 9 64 999999 999999 98 53 999999 5 88 999999 999999 999999 91 98 999999 999999 93 999999 999999 71 80 57 47 27 999999 85 89 999999 73 6 59 999999 999999 92 36 999999 34 999999 75 16 999999 999999 98 999999 999999 69 55 13 10 999999 25 93 999999 99 9 50 42 3 999999 999999 999999 999999 25 50 64 26 45 87 999999 70 999999 44 91 999999 999999 999999
999999 999999 57 999999 68 84 61 60 55 999999 999999 72 48 72 59 23 0 999999 27 14 999999 999999 76 999999 68 54 29 999999 56 999999 54 45 999999 999999 999999 999999 36 65 999999 999999 58 999999 999999 25 999999 60 999999 999999 999999 999999 83 31 999999 71 10 999999 999999 999999 999999 999999 80 999999 999999 42 999999 13 31 999999 999999 999999 999999 999999 65 30 999999 47 88 5 4 999999 80 99 999999 999999 67 97 999999 999999 25 999999 5 18 4 999999 999999 1 999999 2 27 89
999999 39 999999 999999 999999 999999 30 59 9 999999 11 68 999999 59 69 89 999999 0 999999 82 63 999999 999999 999999 999999 74 50 51 999999 1 89 999999 14 999999 999999 77 100 34 999999 999999 999999 999999 999999 999999 39 86 80 47 9 64 40 35 999999 999999 23 2 999999 74 999999 999999 82 999999 19 56 999999 73 84 999999 999999 82 999999 999999 73 999999 999999 999999 92 999999 999999 999999 999999 999999 999999 999999 999999 67 999999 999999 98 71 999999 44 36 999999 79 37 68 999999 999999 999999
20 39 999999 999999 999999 999999 64 999999 88 999999 26 44 999999 999999 999999 33 27 999999 0 999999 999999 100 999999 63 62 999999 6 45 85 999999 47 999999 999999 3 999999 12 999999 29 80 2 53 999999 999999 72 999999 999999 67 999999 999999 33 999999 999999 53 56 999999 28 31 62 999999 96 999999 60 999999 2 999999 69 24 23 99 999999 999999 46 65 93 999999 999999 19 6 999999 999999 999999 999999 999999 72 999999 999999 999999 9 999999 999999 83 999999 999999 86 999999 999999 60 35 999999 999999
999999 999999 36 999999 12 44 999999 70 51 999999 100 59 999999 999999 999999 55 14 82 999999 0 10 42 999999 999999 999999 999999 999999 999999 999999 42 51 74 70 44 33 63 95 999999 36 62 999999 72 999999 999999 62 7 999999 1 23 999999 57 999999 999999 9 999999 999999 999999 11 56 999999 999999 999999 999999 999999 50 999999 999999 91 999999 999999 45 999999 23 999999 81 999999 95 71 75 58 70 74 31 999999 999999 19 62 52 20 999999 15 100 999999 999999 14 999999 38 999999 8 999999
999999 100 999999 97 999999 999999 999999 999999 999999 16 38 49 999999 999999 70 88 999999 63 999999 10 0 999999 999999 42 87 5 999999 999999 10 999999 999999 67 999999 999999 24 999999 999999 84 999999 7 42 999999 24 999999 999999 66 96 999999 999999 999999 70 28 999999 999999 83 999999 999999 999999 32 999999 999999 999999 27 54 45 999999 42 999999 999999 10 26 96 999999 999999 999999 999999 999999 55 999999 999999 999999 47 999999 999999 56 999999 999999 999999 68 999999 48 999999 999999 100 14 54 999999 44 999999 999999
4 19 999999 999999 999999 44 12 52 77 999999 999999 19 999999 82 24 999999 999999 999999 100 42 999999 0 999999 81 999999 999999 49 999999 999999 999999 18 34 999999 87 64 999999 53 999999 999999 999999 11 74 46 999999 43 4 999999 49 60 59 66 999999 999999 12 49 64 89 999999 57 999999 999999 999999 999999 999999 999999 999999 999999 999999 999999 30 62 88 53 999999 999999 999999 999999 999999 999999 93 6 999999 63 999999 999999 999999 95 30 24 86 54 999999 73 68 75 999999 6 999999 35 83
53 999999 55 999999 999999 37 999999 999999 8 999999 65 8 27 999999 7 9 76 999999 999999 999999 999999 999999 0 999999 999999 999999 999999 8 999999 70 999999 999999 41 74 999999 63 999999 999999 48 999999 999999 31 60 999999 999999 999999 6 64 92 8 999999 999999 19 999999 999999 29 55 999999 999999 5 43 54 999999 999999 3 999999 999999 2 999999 999999 999999 999999 999999 999999 999999 999999 11 100 12 999999 25 999999 98 999999 999999 999999 13 999999 999999 999999 999999 999999 75 999999 999999 53 999999 999999 43 999999
999999 87 999999 999999 999999 51 999999 999999 999999 56 35 86 58 999999 999999 999999 999999 999999 63 999999 42 81 999999 0 999999 26 999999 999999 55 86 99 40 27 12 999999 74 90 10 999999 66 55 74 28 36 12 999999 18 999999 15 21 32 78 999999 70 999999 999999 66 43 999999 44 999999 77 999999 73 67 60 999999 12 76 999999 40 12 61 84 999999 22 999999 25 71 999999 76 999999 55 9 999999 93 999999 999999 26 999999 999999 48 999999 999999 50 999999 999999 80 999999 78
999999 92 999999 999999 999999 20 53 39 999999 999999 999999 28 63 999999 67 9 68 999999 62 999999 87 999999 999999 999999 0 3 999999 999999 44 42 60 999999 13 31 999999 999999 20 37 24 21 999999 999999 999999 999999 19 95 7 999999 999999 3 6 94 999999 14 999999 999999 98 70 23 67 999999 999999 100 999999 39 32 999999 15 85 31 27 38 999999 44 999999 999999 14 999999 52 17 94 999999 88 999999 999999 42 51 999999 999999 999999 59 999999 999999 999999 999999 999999 999999 999999 999999 17
53 999999 999999 100 999999 999999 999999 85 62 3 28 999999 87 39 999999 64 54 74 999999 999999 5 999999 999999 26 3 0 59 1 95 18 68 999999 999999 59 999999 63 999999 48 43 999999 47 999999 31 34 999999 18 50 999999 999999 999999 38 62 32 999999 999999 999999 999999 69 31 20 7 999999 999999 999999 59 60 40 41 999999 999999 91 999999 999999 68 999999 999999 51 15 999999 30 5 4 80 5 999999 999999 999999 999999 999999 999999 999999 1 86 27 30 999999 79 999999 999999 51
54 999999 5 999999 50 25 46 41 999999 35 999999 59 999999 68 999999 999999 29 50 6 999999 999999 49 999999 999999 999999 59 0 999999 999999 1 999999 3 999999 6 96 44 55 91 38 999999 59 7 999999 999999 10 999999 999999 999999 999999 20 999999 70 999999 18 999999 96 26 2 5 999999 45 999999 999999 999999 67 14 999999 22 999999 74 999999 30 999999 4 999999 999999 999999 999999 93 79 48 86 76 999999 999999 999999 999999 31 999999 60 69 999999 999999 12 90 92 999999 45 999999 47
78 20 999999 90 999999 9 44 74 999999 95 66 999999 32 999999 999999 999999 999999 51 45 999999 999999 999999 8 999999 999999 1 999999 0 74 999999 48 32 55 999999 999999 99 999999 35 2 999999 999999 999999 999999 49 62 999999 94 20 999999 35 999999 18 11 87 67 35 59 999999 90 999999 999999 54 999999 63 11 999999 74 27 16 23 999999 3 999999 999999 12 999999 999999 999999 999999 16 999999 999999 85 93 99 999999 1 999999 999999 16 999999 999999 78 999999 999999 18 1 999999 7 999999
999999 999999 15 999999 999999 6 59 999999 52 999999 999999 999999 22 999999 38 98 56 999999 85 999999 10 999999 999999 55 44 95 999999 74 0 999999 999999 45 66 63 63 999999 999999 72 44 72 62 999999 999999 83 24 4 38 96 999999 999999 999999 72 999999 999999 999999 999999 70 999999 999999 999999 999999 999999 31 999999 32 73 999999 999999 999999 999999 5 77 65 999999 66 94 79 999999 92 999999 64 999999 999999 999999 999999 61 999999 999999 65 999999 999999 6 999999 49 999999 999999 99 999999 999999 999999
999999 999999 999999 999999 999999 58 999999 999999 999999 999999 999999 17 999999 999999 69 53 999999 1 999999 42 999999 999999 70 86 42 18 1 999999 999999 0 999999 25 20 23 999999 999999 70 999999 999999 77 91 999999 999999 999999 96 999999 999999 96 999999 999999 999999 999999 91 999999 999999 999999 59 999999 999999 89 3 69 94 999999 999999 22 999999 999999 999999 63 999999 32 999999 999999 999999 999999 16 999999 999999 20 999999 29 1 999999 999999 999999 94 999999 999999 999999 999999 999999 5 81 999999 8 89 999999 61 999999
999999 999999 58 48 89 999999 999999 999999 62 999999 999999 30 6 22 78 999999 54 89 47 51 999999 18 999999 99 60 68 999999 48 999999 999999 0 999999 999999 999999 17 999999 20 48 34 999999 97 999999 67 999999 999999 98 999999 7 999999 38 87 999999 999999 52 999999 38 7 999999 76 999999 999999 999999 34 17 22 24 999999 999999 12 999999 999999 999999 66 999999 70 999999 35 999999 34 999999 999999 47 999999 999999 999999 30 999999 999999 999999 999999 58 49 999999 999999 13 24 20 71 999999 73
999999 999999 999999 999999 66 47 15 19 8 38 67 999999 999999 56 48 5 45 999999 999999 74 67 34 999999 40 999999 999999 3 32 45 25 999999 0 94 12 999999 999999 999999 59 6 999999 91 36 87 13 999999 999999 68 29 999999 999999 999999 999999 999999 999999 999999 20 999999 999999 999999 999999 999999 999999 999999 999999 48 71 999999 999999 999999 999999 999999 999999 81 999999 33 999999 39 999999 999999 999999 999999 78 999999 999999 999999 999999 91 999999 999999 999999 999999 999999 999999 73 88 999999 999999 76 999999 28
98 999999 95 73 42 999999 63 999999 999999 999999 25 54 68 70 85 88 999999 14 999999 70 999999 999999 41 27 13 999999 999999 55 66 20 999999 94 0 23 999999 999999 999999 999999 999999 91 999999 999999 18 999999 50 999999 999999 999999 65 999999 999999 6 999999 999999 999999 22 61 32 999999 23 999999 999999 999999 999999 20 14 10 13 64 999999 999999 999999 89 99 94 999999 999999 97 999999 32 999999 15 999999 96 82 999999 15 33 49 999999 66 999999 87 64 7 91 999999 58 999999 999999
62 18 31 87 90 72 4 88 999999 999999 999999 999999 999999 45 31 999999 999999 999999 3 44 999999 87 74 12 31 59 6 999999 63 23 999999 12 23 0 16 90 94 999999 999999 999999 38 999999 999999 76 999999 999999 999999 999999 999999 49 999999 22 999999 999999 16 74 999999 999999 999999 999999 999999 81 999999 42 999999 11 46 999999 52 999999 54 999999 70 999999 100 43 999999 999999 45 50 91 2 999999 12 999999 999999 999999 999999 999999 82 96 999999 62 999999 91 33 17 69 999999 36
999999 999999 27 999999 999999 999999 999999 7 999999 78 999999 11 20 999999 999999 999999 999999 999999 999999 33 24 64 999999 999999 999999 999999 96 999999 63 999999 17 999999 999999 16 0 999999 999999 33 53 999999 40 69 71 999999 81 999999 84 999999 999999 999999 99 999999 18 999999 999999 6 95 69 64 15 999999 999999 55 999999 87 999999 999999 999999 999999 10 27 57 30 32 999999 66 16 100 89 7 40 9 37 999999 76 999999 999999 98 46 32 999999 88 999999 17 61 66 27 999999 999999 999999
68 999999 85 54 35 999999 32 98 999999 15 99 999999 999999 999999 43 999999 999999 77 12 63 999999 999999 63 74 999999 63 44 99 999999 999999 999999 999999 999999 90 999999 0 77 999999 76 999999 89 999999 31 999999 43 999999 999999 999999 999999 8 10 999999 47 54 82 999999 32 3 999999 84 999999 23 999999 8 999999 2 999999 999999 999999 999999 84 88 98 999999 29 999999 63 999999 999999 999999 999999 66 999999 52 999999 76 999999 999999 999999 15 999999 59 999999 999999 21 100 999999 999999 28 73
999999 999999 61 999999 77 26 97 2 86 999999 999999 76 39 13 23 91 36 100 999999 95 999999 53 999999 90 20 999999 55 999999 999999 70 20 999999 999999 94 999999 77 0 999999 49 98 47 68 6 999999 999999 73 62 65 45 35 999999 999999 58 99 999999 999999 47 3 999999 63 999999 8 33 28 88 27 79 999999 999999 999999 999999 84 39 999999 98 999999 16 51 999999 79 999999 999999 999999 13 999999 999999 5 17 33 999999 18 999999 18 75 999999 999999 999999 999999 999999 999999
92 66 999999 999999 999999 999999 56 999999 93 49 92 38 26 999999 55 98 65 34 29 999999 84 999999 999999 10 37 48 91 35 72 999999 48 59 999999 999999 33 999999 999999 0 28 999999 75 999999 49 999999 33 21 95 31 999999 14 51 999999 999999 999999 28 80 999999 999999 22 999999 999999 89 4 999999 999999 999999 86 999999 999999 999999 16 999999 999999 999999 75 49 999999 79 51 999999 2 999999 18 999999 999999 25 75 999999 999999 999999 45 96 23 999999 999999 26 999999 999999 30 44
32 999999 45 47 999999 27 999999 79 19 999999 999999 22 999999 999999 999999 999999 999999 999999 80 36 999999 999999 48 999999 24 43 38 2 44 999999 34 6 999999 999999 53 76 49 28 0 70 76 50 999999 98 999999 999999 999999 999999 61 999999 45 999999 999999 77 999999 999999 999999 999999 51 56 46 30 59 999999 999999 999999 86 999999 56 84 999999 999999 999999 999999 5 999999 32 85 48 999999 999999 999999 25 42 999999 44 69 80 999999 999999 27 999999 17 999999 999999 999999 999999 68 999999 999999
85 999999 56 11 51 999999 68 44 43 999999 999999 30 96 46 1 999999 999999 999999 2 62 7 999999 999999 66 21 999999 999999 999999 72 77 999999 999999 91 999999 999999 999999 98 999999 70 0 999999 99 76 999999 999999 999999 999999 66 80 63 81 999999 999999 999999 999999 95 999999 999999 20 17 999999 11 80 82 999999 999999 999999 999999 32 58 999999 22 56 14 999999 69 46 37 999999 999999 999999 999999 17 999999 999999 999999 38 28 999999 8 82 49 999999 999999 79 89 94 999999 999999 99
999999 999999 999999 74 8 49 55 999999 59 2 999999 999999 56 32 40 93 58 999999 53 999999 42 11 999999 55 999999 47 59 999999 62 91 97 91 999999 38 40 89 47 75 76 999999 0 57 999999 999999 84 10 94 999999 999999 15 77 999999 44 999999 999999 999999 92 92 96 999999 999999 79 999999 999999 68 999999 999999 15 70 999999 57 999999 24 50 999999 37 999999 999999 60 26 91 86 999999 999999 999999 29 999999 999999 999999 70 999999 92 55 24 999999 48 999999 34 999999 87
999999 999999 24 75 22 74 85 53 98 999999 31 25 44 999999 999999 999999 999999 999999 999999 72 999999 74 31 74 999999 999999 7 999999 999999 999999 999999 36 999999 999999 69 999999 68 999999 50 99 57 0 999999 9 58 999999 71 49 999999 999999 999999 999999 999999 93 31 999999 999999 30 78 999999 999999 13 95 999999 12 999999 27 999999 92 999999 999999 999999 73 999999 999999 999999 53 22 999999 999999 999999 999999 999999 999999 5 84 38 999999 1 999999 30 100 76 999999 999999 999999 94 999999 999999 98
999999 72 55 85 20 8 999999 999999 49 999999 91 5 999999 999999 66 999999 999999 999999 999999 999999 24 46 60 28 999999 31 999999 999999 999999 999999 67 87 18 999999 71 31 6 49 999999 76 999999 999999 0 31 16 999999 999999 999999 999999 89 76 83 2 999999 999999 71 32 999999 15 999999 999999 999999 999999 69 84 57 76 999999 3 999999 24 999999 89 36 22 999999 93 999999 999999 999999 78 999999 999999 999999 999999 999999 99 40 82 43 93 999999 12 98 57 999999 999999 21 999999 999999
999999 30 999999 21 79 47 88 92 999999 999999 40 999999 100 52 13 71 25 999999 72 999999 999999 999999 999999 36 999999 34 999999 49 83 999999 999999 13 999999 76 999999 999999 999999 999999 98 999999 999999 9 31 0 999999 999999 999999 999999 999999 999999 61 98 59 15 58 999999 93 999999 999999 4 3 999999 59 999999 999999 64 94 68 49 999999 999999 999999 999999 1 999999 67 999999 999999 999999 999999 48 42 53 999999 999999 60 999999 99 999999 48 999999 21 999999 14 999999 85 28 5 999999 999999
42 75 999999 999999 97 42 14 2 999999 59 1 70 999999 999999 999999 80 999999 39 999999 62 999999 43 999999 12 19 999999 10 62 24 96 999999 999999 50 999999 81 43 999999 33 999999 999999 84 58 16 999999 0 25 999999 17 999999 56 75 999999 52 999999 999999 999999 999999 999999 33 79 97 11 999999 999999 21 999999 22 999999 999999 84 999999 999999 999999 93 999999 999999 999999 25 999999 9 999999 999999 999999 999999 66 999999 32 999999 68 62 13 1 27 999999 999999 100 999999 49 999999 999999
999999 20 999999 44 77 999999 23 999999 999999 999999 999999 999999 999999 999999 999999 57 60 86 999999 7 66 4 999999 999999 95 18 999999 999999 4 999999 98 999999 999999 999999 999999 999999 73 21 999999 999999 10 999999 999999 999999 25 0 999999 71 82 62 999999 999999 3 72 58 66 26 90 30 999999 36 999999 12 71 21 999999 70 999999 999999 999999 32 80 999999 96 999999 999999 47 58 87 999999 67 999999 999999 999999 88 52 23 52 999999 5 41 999999 999999 46 79 57 90 50 72 67
999999 999999 32 999999 999999 999999 57 999999 85 98 90 999999 45 36 999999 47 999999 80 67 999999 96 999999 6 18 7 50 999999 94 38 999999 999999 68 999999 999999 84 999999 62 95 999999 999999 94 71 999999 999999 999999 999999 0 18 95 999999 999999 999999 29 999999 999999 56 999999 40 46 999999 999999 12 92 47 84 57 92 78 999999 73 999999 25 73 81 999999 22 999999 999999 999999 999999 999999 999999 999999 999999 999999 71 19 10 36 42 97 52 999999 999999 999999 71 80 999999 999999 999999
33 999999 37 85 999999 999999 25 62 999999 999999 48 28 999999 97 8 27 999999 47 999999 1 999999 49 64 999999 999999 999999 999999 20 96 96 7 29 999999 999999 999999 999999 65 31 999999 66 999999 49 999999 999999 17 71 18 0 76 999999 3 999999 31 8 22 67 999999 52 71 999999 999999 999999 40 999999 999999 999999 999999 999999 98 85 10 56 999999 999999 999999 999999 999999 999999 86 82 999999 999999 999999 999999 85 999999 999999 999999 8 84 999999 999999 999999 999999 53 20 999999 999999 94 81
91 999999 999999 18 999999 28 92 999999 64 14 91 97 37 12 87 999999 999999 9 999999 23 999999 60 92 15 999999 999999 999999 999999 999999 999999 999999 999999 65 999999 999999 999999 45 999999 61 80 999999 999999 999999 999999 999999 82 95 76 0 9 999999 90 52 41 999999 85 999999 999999 93 999999 67 999999 23 999999 71 999999 999999 37 87 999999 999999 999999 999999 999999 51 999999 36 91 16 999999 999999 38 95 999999 999999 50 51 4 51 38 73 5 999999 999999 999999 999999 67 27 999999 999999
999999 87 46 62 41 999999 999999 999999 78 31 999999 999999 999999 68 999999 85 999999 64 33 999999 999999 59 8 21 3 999999 20 35 999999 999999 38 999999 999999 49 999999 8 35 14 999999 63 15 999999 89 999999 56 62 999999 999999 9 0 999999 999999 999999 999999 999999 999999 87 8 999999 78 999999 999999 999999 12 999999 43 46 999999 999999 999999 93 76 999999 999999 74 9 5 84 999999 11 999999 999999 3 36 23 22 51 1 53 45 999999 999999 59 999999 70 93 999999 999999 999999 92
999999 89 999999 28 999999 999999 999999 38 999999 19 999999 999999 999999 999999 53 89 83 40 999999 57 70 66 999999 32 6 38 999999 999999 999999 999999 87 999999 999999 999999 99 10 999999 51 45 81 77 999999 76 61 75 999999 999999 3 999999 999999 0 58 999999 34 999999 57 30 999999 56 999999 24 48 74 31 999999 999999 999999 87 999999 6 36 999999 999999 68 999999 999999 48 61 23 7 999999 66 999999 999999 92 999999 999999 999999 68 999999 999999 999999 40 999999 50 68 999999 999999 999999 999999
999999 71 54 999999 66 999999 6 42 999999 999999 62 999999 999999 51 999999 999999 31 35 999999 999999 28 999999 999999 78 94 62 70 18 72 999999 999999 999999 6 22 999999 999999 999999 999999 999999 999999 999999 999999 83 98 999999 999999 999999 999999 90 999999 58 0 999999 99 36 41 999999 999999 51 999999 82 42 999999 999999 999999 999999 89 85 999999 999999 999999 999999 999999 999999 999999 12 40 999999 999999 999999 999999 74 999999 76 55 999999 999999 999999 999999 999999 31 999999 999999 999999 75 53 84 999999 999999 999999
7 999999 92 999999 66 999999 89 3 57 58 999999 999999 999999 999999 22 73 999999 999999 53 999999 999999 999999 19 999999 999999 32 999999 11 999999 91 999999 999999 999999 999999 18 47 58 999999 999999 999999 44 999999 2 59 52 3 29 31 52 999999 999999 999999 0 999999 999999 999999 45 29 999999 6 999999 999999 92 999999 999999 85 77 999999 49 24 999999 999999 999999 999999 27 999999 999999 73 999999 57 78 43 48 82 999999 999999 999999 999999 70 52 999999 43 26 999999 999999 39 999999 999999 34 42
92 999999 999999 46 999999 999999 83 70 16 999999 999999 999999 32 33 1 6 71 999999 56 9 999999 12 999999 70 14 999999 18 87 999999 999999 52 999999 999999 999999 999999 54 99 999999 77 999999 999999 93 999999 15 999999 72 999999 8 41 999999 34 99 999999 0 999999 999999 999999 81 999999 999999 999999 19 999999 999999 25 999999 999999 81 999999 999999 999999 999999 3 999999 999999 999999 46 999999 999999 999999 999999 999999 999999 999999 89 67 3 89 999999 999999 56 43 999999 10 999999 70 12 999999 999999 67
999999 999999 999999 75 14 999999 999999 999999 999999 10 999999 999999 45 999999 999999 59 10 23 999999 999999 83 49 999999 999999 999999 999999 999999 67 999999 999999 999999 999999 999999 16 999999 82 999999 28 999999 999999 999999 31 999999 58 999999 58 999999 22 999999 999999 999999 36 999999 999999 0 999999 999999 15 999999 999999 999999 49 54 999999 999999 999999 999999 999999 99 999999 34 1 19 999999 56 39 999999 99 999999 35 999999 999999 999999 98 999999 999999 999999 49 91 37 80 999999 999999 999999 999999 999999 999999 999999 51 999999
999999 85 999999 83 999999 999999 999999 999999 50 65 3 68 76 14 999999 999999 999999 2 28 999999 999999 64 29 999999 999999 999999 96 35 999999 999999 38 20 22 74 6 999999 999999 80 999999 95 999999 999999 71 999999 999999 66 56 67 85 999999 57 41 999999 999999 999999 0 999999 999999 5 49 999999 999999 72 23 48 21 43 999999 34 2 93 59 999999 999999 62 999999 999999 1 19 999999 999999 87 21 999999 999999 999999 55 999999 12 999999 999999 71 69 67 999999 26 36 999999 999999 999999
999999 999999 999999 42 12 76 73 39 64 999999 63 43 999999 999999 86 999999 999999 999999 31 999999 999999 89 55 66 98 999999 26 59 70 59 7 999999 61 999999 95 32 47 999999 999999 999999 92 999999 32 93 999999 26 999999 999999 999999 87 30 999999 45 999999 999999 999999 0 91 26 999999 13 999999 999999 97 999999 999999 30 7 999999 4 25 999999 24 4 999999 999999 999999 87 999999 39 999999 48 999999 50 999999 999999 999999 999999 999999 999999 69 74 999999 999999 999999 61 79 72 18 6
999999 26 999999 88 999999 86 9 14 27 55 3 48 64 20 9 92 999999 74 62 11 999999 999999 999999 43 70 69 2 999999 999999 999999 999999 999999 32 999999 69 3 3 999999 999999 999999 92 30 999999 999999 999999 90 40 52 999999 8 999999 999999 29 81 15 999999 91 0 81 999999 999999 1 99 85 25 999999 999999 999999 89 999999 999999 999999 999999 97 999999 54 999999 999999 999999 72 999999 25 66 90 91 999999 999999 3 44 7 63 44 57 999999 14 17 89 43 999999 51
15 41 999999 999999 98 999999 999999 44 999999 999999 999999 13 999999 54 999999 36 999999 999999 999999 56 32 57 999999 999999 23 31 5 90 999999 999999 76 999999 999999 999999 64 999999 999999 22 51 20 96 78 15 999999 33 30 46 71 93 999999 56 51 999999 999999 999999 5 26 81 0 84 77 12 18 999999 57 999999 38 999999 66 90 91 999999 62 999999 999999 17 999999 999999 999999 999999 10 51 999999 999999 999999 999999 999999 999999 999999 999999 92 999999 12 999999 6 999999 999999 999999 75 15
999999 68 999999 99 999999 70 82 24 999999 999999 999999 999999 70 999999 3 999999 999999 999999 96 999999 999999 999999 5 44 67 20 999999 999999 999999 89 999999 999999 23 999999 15 84 63 999999 56 17 999999 999999 999999 4 79 999999 999999 999999 999999 78 999999 999999 6 999999 999999 49 999999 999999 84 0 56 999999 29 33 999999 12 10 999999 1 96 999999 49 50 64 48 999999 999999 999999 999999 999999 17 99 49 22 999999 999999 999999 51 71 25 41 65 46 999999 999999 999999 41 71 999999 33
4 27 999999 28 999999 999999 74 27 21 90 999999 999999 20 66 3 34 80 82 999999 999999 999999 999999 43 999999 999999 7 45 999999 999999 3 999999 999999 999999 999999 999999 999999 999999 999999 46 999999 999999 999999 999999 3 97 36 999999 999999 67 999999 24 82 999999 999999 999999 999999 13 999999 77 56 0 65 999999 11 72 999999 24 999999 85 3 46 999999 999999 999999 999999 999999 89 33 999999 999999 999999 86 14 999999 92 999999 6 55 75 96 999999 999999 999999 999999 999999 999999 999999 61 999999 999999
999999 2 999999 999999 999999 999999 999999 71 5 96 57 999999 9 47 99 999999 999999 999999 60 999999 999999 999999 54 77 999999 999999 999999 54 999999 69 999999 999999 999999 81 999999 23 8 89 30 11 79 13 999999 999999 11 999999 12 999999 999999 999999 48 42 999999 19 49 999999 999999 1 12 999999 65 0 999999 70 6 83 69 17 999999 83 50 12 19 23 999999 999999 999999 999999 5 999999 999999 41 999999 999999 34 86 999999 68 999999 999999 999999 999999 999999 999999 63 36 999999 999999 61 79
999999 999999 999999 72 52 65 999999 999999 52 999999 999999 7 999999 63 86 75 999999 19 999999 999999 27 999999 999999 999999 100 999999 999999 999999 31 94 34 999999 999999 999999 55 999999 33 4 59 80 999999 95 999999 59 999999 12 92 40 23 999999 74 999999 92 999999 54 72 999999 99 18 29 999999 999999 0 999999 97 44 38 999999 88 89 999999 27 999999 36 999999 67 999999 999999 27 999999 999999 999999 98 30 999999 999999 39 86 62 999999 45 91 999999 44 999999 999999 999999 71 5 50
999999 63 999999 999999 999999 70 999999 91 999999 999999 999999 9 999999 999999 18 16 42 56 2 999999 54 999999 999999 73 999999 999999 999999 63 999999 999999 17 999999 999999 42 999999 8 28 999999 999999 82 999999 999999 69 999999 999999 71 47 999999 999999 12 31 999999 999999 999999 999999 23 97 85 999999 33 11 70 999999 0 999999 29 999999 999999 999999 999999 13 999999 87 999999 999999 999999 999999 999999 94 999999 999999 41 12 61 999999 999999 30 999999 13 999999 67 35 999999 999999 9 999999 32 999999 999999 55
64 45 999999 999999 999999 999999 47 27 25 25 18 92 58 999999 10 999999 999999 999999 999999 50 45 999999 3 67 39 59 67 11 32 999999 22 48 20 999999 87 999999 88 999999 999999 999999 68 12 84 999999 21 21 84 999999 71 999999 999999 999999 999999 25 999999 48 999999 25 57 999999 72 6 97 999999 0 999999 27 999999 1 999999 85 5 999999 999999 25 97 47 91 14 34 999999 999999 90 999999 63 89 999999 999999 69 91 93 51 24 52 58 999999 32 999999 999999 85
28 999999 999999 999999 54 999999 999999 999999 73 999999 999999 999999 4 62 66 999999 13 73 69 999999 999999 999999 999999 60 32 60 14 999999 73 22 24 71 14 11 999999 2 27 999999 999999 999999 999999 999999 57 64 999999 999999 57 999999 999999 43 999999 999999 85 999999 999999 21 999999 999999 999999 12 999999 83 44 29 999999 0 999999 97 23 999999 999999 16 999999 999999 999999 999999 40 1 999999 999999 999999 999999 999999 45 999999 43 999999 7 20 999999 999999 999999 999999 22 24 999999 37 98 82 999999
999999 999999 999999 49 2 41 48 999999 999999 999999 999999 999999 61 3 27 98 31 84 24 999999 42 999999 999999 999999 999999 40 999999 74 999999 999999 999999 999999 10 46 999999 999999 79 86 86 999999 999999 27 76 94 22 70 92 999999 999999 46 999999 89 77 999999 999999 43 30 999999 38 10 24 69 38 999999 27 999999 0 999999 999999 87 31 21 83 999999 90 57 30 999999 999999 999999 999999 999999 999999 999999 999999 94 22 999999 999999 91 63 999999 999999 999999 38 79 78 66 40 53
999999 41 999999 999999 999999 999999 56 999999 68 999999 56 77 999999 999999 1 999999 999999 999999 23 91 999999 999999 2 12 15 41 22 27 999999 999999 999999 999999 13 999999 999999 999999 999999 999999 999999 999999 15 999999 999999 68 999999 999999 78 999999 37 999999 87 85 999999 81 999999 999999 7 999999 999999 999999 999999 17 999999 999999 999999 97 999999 0 11 999999 17 42 89 48 999999 5 92 999999 999999 28 999999 999999 26 39 999999 999999 62 999999 999999 999999 999999 999999 999999 5 999999 999999 999999 21 4 999999
40 999999 999999 49 96 24 999999 999999 999999 3 999999 999999 999999 86 999999 999999 999999 999999 99 999999 999999 999999 999999 76 85 999999 999999 16 999999 999999 12 999999 64 52 999999 999999 999999 999999 56 32 70 92 3 49 999999 999999 999999 98 87 999999 999999 999999 49 999999 99 34 999999 89 66 1 85 999999 88 999999 1 23 999999 11 0 999999 999999 999999 24 999999 80 25 999999 999999 57 999999 999999 999999 74 999999 19 999999 999999 999999 39 57 30 999999 999999 999999 11 24 999999 999999 999999 999999
92 999999 999999 999999 999999 999999 999999 999999 50 10 999999 65 70 15 49 69 999999 82 999999 999999 10 30 999999 999999 31 999999 74 23 999999 63 999999 999999 999999 999999 10 999999 999999 999999 84 58 999999 999999 999999 999999 84 999999 73 85 999999 999999 6 999999 24 999999 999999 2 4 999999 90 96 3 83 89 999999 999999 999999 87 999999 999999 0 61 999999 999999 999999 999999 41 999999 999999 999999 66 999999 13 999999 43 69 999999 25 100 100 999999 96 12 999999 999999 999999 45 89 999999 91 999999
999999 999999 999999 999999 999999 999999 87 14 43 999999 999999 61 95 999999 999999 55 999999 999999 999999 45 26 62 999999 40 27 91 999999 999999 5 999999 999999 999999 999999 54 27 84 999999 16 999999 999999 57 999999 24 999999 999999 32 999999 10 999999 93 36 999999 999999 999999 34 93 25 999999 91 999999 46 50 999999 13 85 999999 31 17 999999 61 0 999999 65 83 999999 83 33 999999 999999 999999 42 999999 999999 999999 999999 92 999999 999999 999999 999999 4 76 73 999999 100 999999 999999 999999 999999 89
46 999999 18 30 72 999999 56 999999 91 999999 44 3 999999 3 26 13 999999 999999 46 999999 96 88 999999 12 38 999999 30 3 77 32 999999 999999 999999 999999 57 88 84 999999 999999 22 999999 999999 999999 999999 999999 80 25 56 999999 76 999999 999999 999999 999999 1 59 999999 999999 999999 49 999999 12 27 999999 5 16 21 42 999999 999999 999999 0 9 83 26 4 999999 999999 34 90 999999 81 999999 999999 999999 98 63 999999 16 80 999999 999999 23 999999 999999 73 21 39 20 999999
99 999999 61 88 52 999999 69 999999 999999 63 27 999999 65 999999 999999 10 65 73 65 23 999999 53 999999 61 999999 999999 999999 999999 65 999999 66 81 89 70 30 98 39 999999 999999 56 24 73 89 999999 999999 999999 73 999999 999999 999999 999999 999999 999999 3 19 999999 24 999999 62 50 999999 19 999999 87 999999 999999 83 89 24 999999 65 9 0 999999 3 36 11 999999 999999 999999 48 999999 69 9 999999 999999 20 999999 999999 999999 30 999999 60 49 50 4 94 999999 26 999999
999999 999999 999999 999999 999999 31 99 68 67 999999 61 999999 49 8 29 999999 30 999999 93 999999 999999 999999 999999 84 44 68 4 999999 999999 999999 999999 999999 99 999999 32 999999 999999 999999 999999 14 50 999999 36 1 93 96 81 999999 999999 999999 68 999999 999999 999999 999999 999999 4 97 999999 64 999999 23 36 999999 999999 999999 999999 48 999999 999999 83 83 999999 0 51 999999 999999 999999 75 13 21 56 2 93 999999 58 49 999999 999999 88 53 26 21 76 999999 77 999999 999999 83 99
92 28 999999 67 98 999999 999999 60 33 13 48 999999 10 56 999999 25 999999 999999 999999 81 999999 999999 999999 999999 999999 999999 999999 12 66 999999 70 33 94 100 999999 29 98 75 5 999999 999999 999999 22 999999 999999 999999 999999 999999 51 74 999999 999999 27 999999 56 62 999999 999999 999999 48 999999 999999 999999 999999 25 999999 90 999999 80 999999 999999 26 3 51 0 999999 999999 32 999999 999999 999999 999999 999999 68 91 37 96 61 999999 78 43 999999 59 50 999999 999999 999999 999999 16 999999
72 999999 999999 9 999999 999999 45 999999 81 999999 32 999999 999999 999999 6 93 47 999999 999999 999999 999999 999999 999999 22 999999 999999 999999 999999 94 999999 999999 999999 999999 43 66 999999 999999 49 999999 69 37 999999 999999 67 999999 999999 22 999999 999999 9 999999 12 999999 999999 39 999999 999999 54 17 999999 999999 999999 67 999999 97 999999 57 5 25 41 83 4 36 999999 999999 0 999999 10 91 69 23 999999 83 54 57 79 80 27 47 999999 32 96 60 999999 999999 39 34 999999 999999 999999
999999 89 36 999999 999999 35 4 999999 999999 46 999999 100 999999 999999 999999 999999 88 92 19 95 999999 999999 11 999999 14 51 999999 999999 79 16 35 39 999999 999999 16 63 16 999999 32 46 999999 53 93 999999 999999 47 999999 999999 36 5 48 40 999999 46 999999 999999 999999 999999 999999 999999 89 999999 999999 999999 47 40 30 92 999999 999999 33 999999 11 999999 999999 999999 0 999999 999999 999999 88 59 56 41 999999 11 999999 999999 69 96 82 90 999999 999999 999999 999999 999999 999999 999999 999999
38 3 86 25 999999 30 30 7 49 999999 49 999999 999999 36 999999 99 5 999999 6 71 55 999999 100 25 999999 15 999999 999999 999999 999999 999999 999999 97 999999 100 999999 51 79 85 37 999999 22 999999 999999 25 58 999999 999999 91 84 61 999999 73 999999 99 1 87 999999 999999 999999 33 999999 999999 999999 91 1 999999 999999 999999 999999 999999 999999 999999 999999 32 10 999999 0 999999 999999 2 999999 999999 999999 98 96 47 999999 999999 37 999999 999999 999999 21 44 2 45 999999 61 64
999999 35 92 63 999999 44 999999 27 93 19 41 999999 8 999999 51 9 4 999999 999999 75 999999 999999 12 71 52 999999 93 999999 92 999999 34 999999 999999 45 89 999999 999999 51 48 999999 60 999999 999999 999999 999999 87 999999 86 16 999999 23 999999 999999 999999 999999 19 999999 999999 999999 999999 999999 5 27 94 14 999999 999999 999999 57 999999 999999 34 999999 75 999999 91 999999 999999 0 57 999999 999999 10 999999 80 999999 58 93 27 999999 23 10 999999 999999 17 43 999999 47 999999 999999
98 51 999999 999999 999999 999999 46 62 34 999999 999999 999999 999999 999999 999999 50 999999 999999 999999 58 999999 93 999999 999999 17 30 79 16 999999 20 999999 999999 32 50 7 999999 79 999999 999999 999999 26 999999 999999 999999 9 999999 999999 82 999999 11 7 999999 57 999999 35 999999 39 72 999999 999999 999999 999999 999999 999999 34 999999 999999 28 999999 66 999999 90 999999 13 999999 69 999999 999999 57 0 54 72 97 999999 999999 999999 999999 999999 41 999999 87 999999 96 999999 82 47 999999 999999 92 999999
40 79 99 999999 12 999999 24 999999 999999 48 78 999999 999999 999999 47 42 80 999999 999999 70 999999 6 25 76 94 5 48 999999 64 999999 999999 999999 999999 91 40 999999 999999 2 999999 999999 91 999999 78 48 999999 67 999999 999999 999999 999999 999999 999999 78 999999 999999 999999 999999 999999 10 17 999999 999999 999999 999999 999999 999999 999999 999999 999999 999999 42 999999 48 21 999999 23 88 2 999999 54 0 41 999999 60 94 39 999999 999999 999999 999999 84 89 999999 16 75 999999 999999 5 999999 999999
999999 999999 999999 999999 78 11 74 88 25 999999 92 999999 999999 999999 28 3 99 999999 999999 74 47 999999 999999 999999 999999 4 86 999999 999999 29 47 78 15 2 9 66 999999 999999 999999 999999 86 999999 999999 42 999999 999999 999999 999999 38 999999 66 74 43 999999 999999 87 48 25 51 99 86 41 999999 41 999999 999999 999999 999999 999999 13 999999 81 999999 56 999999 999999 59 999999 999999 72 41 0 76 35 76 999999 69 37 999999 999999 999999 999999 37 999999 8 76 96 999999 999999 999999
999999 98 999999 999999 25 16 999999 35 999999 23 82 999999 46 999999 33 999999 999999 999999 999999 31 999999 63 98 55 88 80 76 85 999999 1 999999 999999 999999 999999 37 999999 999999 18 25 17 999999 999999 999999 53 999999 999999 999999 999999 95 3 999999 999999 48 999999 999999 21 999999 66 999999 49 14 999999 98 12 90 999999 999999 26 74 999999 999999 999999 69 2 999999 83 56 999999 10 97 999999 76 0 58 68 1 88 2 18 999999 999999 48 1 999999 999999 27 73 72 999999 44
999999 999999 999999 999999 999999 97 999999 5 999999 999999 89 999999 999999 999999 999999 999999 999999 999999 72 999999 999999 999999 999999 9 999999 5 999999 93 999999 999999 999999 999999 96 12 999999 52 13 999999 42 999999 999999 999999 999999 999999 999999 999999 999999 999999 999999 36 999999 76 82 999999 98 999999 50 90 999999 22 999999 999999 30 61 999999 45 999999 39 999999 43 999999 999999 9 93 68 54 41 999999 999999 999999 60 35 58 0 78 90 999999 9 16 45 66 999999 51 999999 81 999999 99 69 999999 61
44 999999 64 999999 69 999999 36 7 91 42 999999 39 91 30 999999 999999 67 999999 999999 999999 56 999999 999999 999999 999999 999999 999999 99 999999 999999 999999 999999 82 999999 76 999999 999999 999999 999999 999999 999999 5 999999 999999 66 88 999999 85 999999 23 92 55 999999 89 999999 999999 999999 91 999999 999999 92 34 999999 999999 63 999999 999999 999999 19 69 999999 999999 999999 999999 91 57 999999 98 80 999999 94 76 68 78 0 999999 92 999999 999999 93 52 999999 999999 999999 999999 15 48 23 999999 999999
999999 1 999999 54 58 999999 999999 999999 999999 99 999999 74 92 65 999999 999999 97 67 999999 19 999999 999999 999999 93 42 999999 999999 999999 61 999999 30 999999 999999 999999 999999 76 999999 25 44 999999 29 84 999999 60 999999 52 71 999999 50 22 999999 999999 999999 67 999999 999999 999999 999999 999999 999999 999999 86 999999 999999 89 43 94 999999 999999 999999 92 98 999999 58 37 79 11 96 999999 999999 39 999999 1 90 999999 0 999999 7 27 999999 999999 999999 999999 78 29 61 999999 60 37 96
999999 24 999999 999999 999999 999999 50 999999 999999 999999 96 15 60 999999 999999 25 999999 999999 999999 62 999999 95 13 999999 51 999999 999999 1 999999 94 999999 91 15 999999 999999 999999 5 75 69 38 999999 38 99 999999 32 23 19 999999 51 51 999999 999999 999999 3 999999 55 999999 999999 999999 999999 6 999999 39 30 999999 999999 22 62 999999 25 999999 63 20 49 96 80 999999 47 58 999999 999999 69 88 999999 92 999999 0 59 999999 48 82 33 8 68 67 999999 999999 74 999999 999999
80 999999 999999 999999 999999 95 999999 999999 66 36 96 999999 999999 5 70 50 999999 999999 9 52 999999 30 999999 999999 999999 999999 31 999999 999999 999999 999999 999999 33 999999 98 999999 17 999999 80 28 999999 999999 40 99 999999 52 10 999999 4 1 999999 999999 999999 89 49 999999 999999 3 999999 51 55 68 86 999999 999999 7 999999 999999 999999 100 999999 999999 999999 999999 61 27 999999 999999 93 999999 999999 37 2 9 999999 7 59 0 86 999999 43 41 999999 61 50 55 38 999999 999999 999999
17 6 999999 999999 999999 24 3 999999 999999 89 999999 999999 64 999999 89 64 25 98 999999 20 68 24 999999 26 999999 999999 999999 999999 65 999999 999999 999999 49 999999 46 999999 33 999999 999999 999999 999999 1 82 999999 68 999999 36 8 51 53 68 999999 70 999999 91 12 999999 44 999999 71 75 999999 62 13 69 20 999999 999999 39 100 999999 16 999999 999999 999999 47 69 999999 27 41 999999 999999 18 16 999999 27 999999 86 0 999999 999999 72 999999 55 999999 54 999999 25 999999 89
23 999999 1 999999 31 96 999999 999999 999999 999999 78 97 999999 999999 44 26 999999 71 999999 999999 999999 86 999999 999999 999999 999999 60 16 999999 999999 999999 999999 999999 82 32 15 999999 999999 999999 8 70 999999 43 48 62 5 42 84 38 45 999999 999999 52 999999 37 999999 999999 7 999999 25 96 999999 999999 999999 91 999999 91 999999 57 999999 999999 80 999999 88 78 999999 96 37 999999 999999 999999 999999 999999 45 93 999999 48 999999 999999 0 999999 999999 999999 38 999999 90 13 5 7 25
95 67 999999 999999 999999 999999 999999 999999 22 41 999999 999999 89 999999 999999 45 5 999999 83 15 48 54 999999 999999 59 999999 69 999999 999999 999999 58 999999 66 96 999999 999999 18 45 27 82 999999 30 93 999999 13 41 97 999999 73 999999 999999 31 999999 56 80 999999 69 63 92 41 999999 999999 45 67 93 999999 63 999999 30 96 4 999999 30 53 43 32 82 999999 23 87 84 999999 999999 66 52 999999 82 43 999999 999999 0 13 18 999999 59 14 999999 999999 68 78
999999 999999 999999 36 84 999999 61 3 81 999999 68 100 999999 30 999999 87 18 44 999999 100 999999 999999 999999 48 999999 1 999999 999999 6 999999 49 999999 999999 999999 88 59 999999 96 999999 49 92 100 999999 21 1 999999 52 999999 5 999999 999999 999999 43 43 999999 71 74 44 999999 65 999999 999999 91 35 51 999999 999999 999999 999999 12 76 999999 999999 26 999999 96 90 999999 10 999999 89 999999 48 999999 999999 999999 33 41 72 999999 13 0 999999 999999 65 45 999999 22 999999 2
999999 75 999999 999999 999999 999999 15 51 40 999999 68 999999 999999 27 999999 999999 4 36 999999 999999 999999 73 75 999999 999999 86 999999 78 999999 5 999999 999999 87 62 999999 999999 18 23 17 999999 55 76 12 999999 27 999999 999999 999999 999999 59 40 999999 26 999999 999999 69 999999 57 12 46 999999 999999 999999 999999 24 999999 999999 999999 999999 999999 73 23 60 21 59 60 999999 999999 999999 96 999999 37 1 51 999999 999999 8 999999 999999 999999 18 999999 0 999999 999999 999999 999999 999999 999999 999999
999999 28 63 85 88 72 999999 24 55 999999 999999 999999 95 999999 74 70 999999 999999 86 999999 100 68 999999 999999 999999 27 12 999999 49 81 999999 73 64 999999 17 999999 75 999999 999999 999999 24 999999 98 14 999999 46 999999 999999 999999 999999 999999 999999 999999 10 999999 67 999999 999999 999999 999999 999999 999999 44 999999 52 22 999999 5 999999 999999 999999 999999 49 76 50 999999 999999 21 999999 999999 16 999999 999999 999999 999999 78 68 61 55 38 999999 999999 999999 0 93 999999 16 70 3 999999
55 999999 999999 13 999999 70 999999 39 19 54 999999 999999 999999 25 999999 999999 999999 79 999999 14 14 75 999999 50 999999 30 90 999999 999999 999999 13 88 7 91 61 21 999999 999999 999999 79 999999 999999 57 999999 999999 79 999999 53 999999 70 50 75 999999 999999 999999 999999 999999 14 6 999999 999999 63 999999 9 58 24 38 999999 11 999999 100 999999 50 999999 999999 999999 999999 44 17 82 75 8 999999 81 999999 29 67 50 999999 999999 59 65 999999 93 0 999999 999999 87 999999 93
999999 88 999999 6 999999 999999 999999 85 83 999999 53 999999 7 43 83 44 1 37 999999 999999 54 999999 53 999999 999999 999999 92 18 999999 8 24 999999 91 33 66 100 999999 26 999999 89 48 999999 999999 85 100 57 71 20 999999 93 68 53 39 70 999999 26 61 17 999999 999999 999999 36 999999 999999 999999 999999 79 999999 24 45 999999 73 4 77 999999 39 999999 2 43 47 999999 76 27 999999 15 61 999999 55 54 90 14 45 999999 999999 999999 0 999999 999999 67 9
4 999999 4 999999 999999 999999 999999 999999 14 54 999999 999999 82 7 999999 91 999999 68 60 38 999999 6 999999 999999 999999 79 999999 1 99 89 20 999999 999999 17 27 999999 999999 999999 999999 94 999999 94 999999 28 999999 90 80 999999 67 999999 999999 84 999999 12 999999 36 79 89 999999 41 999999 999999 999999 32 32 37 78 999999 999999 89 999999 21 94 999999 999999 34 999999 45 999999 999999 999999 96 73 99 48 999999 999999 38 999999 13 999999 999999 999999 16 999999 999999 0 36 100 999999
49 16 21 999999 999999 18 56 50 60 999999 20 32 999999 46 39 999999 2 999999 35 999999 44 999999 999999 80 999999 999999 45 999999 999999 999999 71 76 58 69 999999 999999 999999 999999 68 999999 34 999999 21 5 49 50 999999 999999 27 999999 999999 999999 999999 999999 999999 999999 72 43 999999 71 61 999999 71 999999 999999 98 66 21 999999 999999 999999 39 999999 999999 999999 999999 999999 999999 47 999999 5 999999 72 69 23 60 74 999999 25 5 999999 22 999999 70 87 999999 36 0 999999 999999
999999 75 61 95 999999 999999 15 54 999999 100 999999 29 999999 999999 999999 999999 27 999999 999999 8 999999 35 43 999999 999999 999999 999999 7 999999 61 999999 999999 999999 999999 999999 28 999999 30 999999 999999 999999 999999 999999 999999 999999 72 999999 94 999999 999999 999999 999999 34 999999 51 999999 18 999999 75 999999 999999 61 5 999999 999999 82 40 4 999999 91 999999 20 26 83 16 999999 999999 61 999999 92 999999 999999 999999 999999 999999 37 999999 999999 999999 7 68 999999 999999 3 999999 67 100 999999 0 23
999999 999999 999999 56 91 999999 88 999999 999999 74 64 999999 60 999999 76 999999 89 999999 999999 999999 999999 83 999999 78 17 51 47 999999 999999 999999 73 28 999999 36 999999 73 999999 44 999999 99 87 98 999999 999999 999999 67 999999 81 999999 92 999999 999999 42 67 999999 999999 6 51 15 33 999999 79 50 55 85 999999 53 999999 999999 999999 89 999999 999999 99 999999 999999 999999 64 999999 999999 999999 999999 44 61 999999 96 999999 999999 89 25 78 2 999999 999999 93 9 999999 999999 23 0
